3,2
10,15
10,69
10,177
10,133
10,153
10,5
10,2
10,3
11,18
11,29
11,11
11,26
11,30
11,25
11,9
11,24
11,28
11,23
11,27
11,22
11,2
11,1
11,3
11,21
10,317
10,316
10,315
10,314
9,5
10,313
9,2
10,312
9,3
10,311
10,310
10,309
10,308
10,307
10,306
10,305
10,304
10,303
10,302
8,5
10,301
8,6
10,300
10,299
8,11
10,298
8,2
10,297
8,3
10,296
10,295
10,294
10,293
10,292
10,291
10,290
10,289
10,288
10,287
10,286
12,2
12,1
10,285
12,3
10,284
10,283
10,282
10,281
10,280
10,279
10,278
10,277
10,276
10,275
10,274
10,273
10,272
10,271
10,270
10,269
10,268
10,267
10,266
10,265
10,264
10,263
10,262
10,261
10,260
10,259
10,258
10,257
10,256
10,255
10,254
10,253
10,252
10,251
10,250
10,249
10,248
10,247
10,246
10,245
